19;1;150000;PN1717071824809
46;1;950000;PN1717071824809
40;1;500000;PN1717071824809
43;1;450000;PN1717071824809
10;1;550000;PN1717071824809
27;14;7700000;PN1717071824809
11;1;270000;PN1717072970780
32;1;320000;PN1717072970780
37;1;370000;PN1717072970780
41;1;1250000;PN1717072970780
18;1;320000;PN1717073016246
34;1;950000;PN1717073016246
41;1;1250000;PN1717073016246
31;1;1350000;PN1717073016246
43;1;450000;PN1717073016246
9;1;400000;PN1717073037535
42;1;400000;PN1717073037535
33;1;3000000;PN1717073037535
49;1;430000;PN1717073037535
44;1;850000;PN1717073037535
11;1;270000;PN1717073607876
43;1;450000;PN1717073607876
45;1;720000;PN1717073607876
21;1;1500000;PN1717073686229
40;1;500000;PN1717073686229
39;1;200000;PN1717073686229
44;1;850000;PN1717073686229
42;1;400000;PN1717073686229
14;1;800000;PN1717087068668
38;1;310000;PN1717087068668
31;1;1350000;PN1717087068668
2;1;450000;PN1717132863548
3;1;1200000;PN1717133436181
16;1;1100000;PN1717331859402
26;1;400000;PN1717331859402
20;1;480000;PN1717145898123
29;1;170000;PN1717145898123
37;14;5180000;PN1717145898123
12;1;500000;PN1717145898123
13;1;750000;PN1717331890268
23;1;1300000;PN1717331890268
12;1;500000;PN1717331890268
17;1;370000;PN1730956331402
26;1;400000;PN1730956331402
30;1;450000;PN1730956331402
10;1;550000;PN1734517656110
17;1;370000;PN1734517656110
19;1;150000;PN1734517656110
30;1;450000;PN1734517656110
33;1;3000000;PN1734517656110
